  0  3  3  3  3  3  3  3
  1  3  1  2  3  1  2  3 
  2  3  3  3  1  3  3  3 
  3  3  3  3  3  3  3  3 
  4  3  1  2  3  1  2  3 
  5  3  3  3  3  3  3  3 
  6  3  3  3  3  3  3  2 
     a  b  c  d  e  f  g 
Add stone 1 / 10 to coordinate:
  0  3  3  3  3  3  3  3 
  1  3  1  2  3  1  2  3 
  2  3  3  3  1  3  3  3 
  3  3  3  3  4  3  3  3 
  4  3  1  2  3  1  2  3 
  5  3  3  3  3  3  3  3 
  6  3  3  3  3  3  3  2 
     a  b  c  d  e  f  g 
---------------
Add stone 2 / 10 to coordinate:
  0  3  3  3  3  3  3  3 
  1  3  1  2  3  1  2  3 
  2  3  3  3  1  3  3  3 
  3  3  3  3  4  3  3  3 
  4  3  1  2  4  1  2  3 
  5  3  3  3  3  3  3  3 
  6  3  3  3  3  3  3  2 
     a  b  c  d  e  f  g 
---------------
Add stone 3 / 10 to coordinate:
  0  3  3  3  3  3  3  3 
  1  3  1  2  3  1  2  3 
  2  3  3  3  1  3  3  3 
  3  3  3  3  4  3  3  3 
  4  3  1  2  4  1  2  3 
  5  3  3  3  4  3  3  3 
  6  3  3  3  3  3  3  2 
     a  b  c  d  e  f  g 
---------------
Add stone 4 / 10 to coordinate:
  0  3  3  3  3  3  3  3 
  1  3  1  2  3  1  2  3 
  2  3  3  3  1  3  3  3 
  3  3  3  3  4  3  3  3 
  4  3  1  2  4  1  2  3 
  5  3  3  3  4  4  3  3 
  6  3  3  3  3  3  3  2 
     a  b  c  d  e  f  g 
---------------
Add stone 5 / 10 to coordinate:
  0  3  3  3  3  3  3  3 
  1  3  1  2  3  1  2  3 
  2  3  3  3  1  3  3  3 
  3  3  3  3  4  3  3  3 
  4  3  1  2  4  1  2  3 
  5  3  3  3  4  4  4  3 
  6  3  3  3  3  3  3  2 
     a  b  c  d  e  f  g 
---------------
Add stone 6 / 10 to coordinate:
  0  3  3  3  3  3  3  3 
  1  3  1  2  3  1  2  3 
  2  3  3  3  1  3  3  3 
  3  3  3  3  4  3  3  3 
  4  3  1  2  4  1  2  3 
  5  3  3  3  4  4  4  4 
  6  3  3  3  3  3  3  2 
     a  b  c  d  e  f  g 
---------------
Add stone 7 / 10 to coordinate:
  0  3  3  3  3  3  3  3 
  1  3  1  2  3  1  2  3 
  2  3  3  3  1  3  3  3 
  3  3  3  3  4  3  3  3 
  4  3  1  2  4  1  2  4 
  5  3  3  3  4  4  4  4 
  6  3  3  3  3  3  3  2 
     a  b  c  d  e  f  g 
---------------
Add stone 8 / 10 to coordinate:
  0  3  3  3  3  3  3  3 
  1  3  1  2  3  1  2  3 
  2  3  3  3  1  3  3  3 
  3  3  3  3  4  3  3  4 
  4  3  1  2  4  1  2  4 
  5  3  3  3  4  4  4  4 
  6  3  3  3  3  3  3  2 
     a  b  c  d  e  f  g 
---------------
Add stone 9 / 10 to coordinate:
  0  3  3  3  3  3  3  3 
  1  3  1  2  3  1  2  3 
  2  3  3  3  1  3  3  3 
  3  3  3  3  4  3  4  4 
  4  3  1  2  4  1  2  4 
  5  3  3  3  4  4  4  4 
  6  3  3  3  3  3  3  2 
     a  b  c  d  e  f  g 
---------------
Add stone 10 / 10 to coordinate:
  0  3  3  3  3  3  3  3 
  1  3  1  2  3  1  2  3 
  2  3  3  3  1  3  3  3 
  3  3  3  3  4  4  4  4 
  4  3  1  2  4  1  2  4 
  5  3  3  3  4  4  4  4 
  6  3  3  3  3  3  3  2 
     a  b  c  d  e  f  g 
---------------
  0  3  3  3  3  3  3  3 
  1  3  A  A  3  A  A  3 
  2  3  3  3  A  3  3  3 
  3  3  3  3  4  4  4  4 
  4  3  B  B  4  C  C  4 
  5  3  3  3  4  4  4  4 
  6  3  3  3  3  3  3  2 
     a  b  c  d  e  f  g 
Final score: 6.80